0
0.00134695
0.00198949
0.001992
0.00310332
0.00169829
0.00197134
0.00195908
0.000199751
0.00203844
0.00167982
0.00165256
0.00108857
0.000791012
0.00106232
0.000555355
0.000933714
0.00115547
0.00040651
0.000626669
0.000628679
0.000691138
0.00129332
0.000870372
0.000944888
0.000498485
0.000653484
0.000633831
0.000646743
0.000443887
0.0009685
0.000419162
0.000678608
0.000799265
0.000270599
0.000626966
0.000806275
0.00020394
0.000825719
0.000487321
0.000665584
0.000502702
0.000802333
0.000546514
0.000872956
0.000290518
0.000371144
0.000302172
0.000131625
9.96994e-05
0.000332405
9.18643e-05
0.000282914
0.000330504
0.00013825
0.000250023
0.000468849
0.000173218
0.000666169
0.000165981
0.00041997
0.000246687
0.000104858
0.000201706
0.000150284
0.000296867
0.000333856
0.000380193
0.000364926
0.000177382
0.00016186
0.000385668
4.93513e-05
0.000515724
0.000302542
0.000470714
0.000409246
0.000461956
0.000371167
0.000319043
6.62134e-05
8.9461e-05
0.00035622
0.000380686
0.000301354
0.00048762
7.30831e-05
0.000474218
0.000278544
0.000149229
4.43579e-06
0.000473988
0.000139333
0.000890981
0.000259927
0.0010495
0.000299108
0.000839558
0.000101188
0.000355713
8.51538e-05
0.000227773
0.000321428
0.000290379
0.000568554
0.000285885
0.000558621
0.00031705
0.000154997
0.000358766
0.000554991
0.000133308
0.000592855
0.000433288
0.000310738
0.0002298
0.000275221
0.000249059
0.000636944
0.000380741
0.000533525
0.000507426
0.000776617
0.000504877
0.000684037
0.000341758
0.000115973
0.000320654
0.00038721
0.00054043
0.000217389
0.000367042
0.000277738
0.000393261
0.000501569
0.000637081
0.000436003
0.000621549
0.000335233
0.000518855
0.000275937
0.000488094
0.000312928
0.000420335
0.000332696
0.00036736
0.000437177
4.9916e-05
0.000533584
0.000150614
0.000438777
0.000308715
0.000336379
0.00038706
0.000565144
0.000632568
0.000621189
0.00108496
0.000540445
0.000342801
5.45315e-05
0.000667879
0.000197765
0.000660303
0.000495649
0.00057069
0.00111705
0.000634734
0.000919023
0.000100678
0.000354569
0.000285579
0.000650181
0.000362753
0.000656985
0.000451904
0.000484301
0.000191262
0.000428503
0.000182317
0.000346309
0.000364673
0.00037693
0.000570105
0.000199706
0.000716735
2.19695e-05
0.000481139
0.000117133
0.000214894
0.000234764
0.000356654
0.00028189
0.000522965
0.000258176
0.000468129
0.000129141
0.000723434
5.53482e-05
0.000632585
0.000193282
0.000303518
0.000488878
0.00012595
0.000478728
0.000135969
0.000223303
0.000280801
0.000243886
0.000487288
0.000141982
0.000352256
0.00015506
0.000481818
0.0004143
0.000491032
0.000450879
0.000285322
0.00044814
0.000318997
0.000680294
0.000319364
0.000632145
4.70176e-05
0.000458024
0.000178409
0.000222431
6.61547e-05
0.000110448
0.000188856
0.000164009
0.000381919
0.000248159
0.000407812
0.000302987
0.000633653
0.000225278
0.000603019
0.000334569
0.000454095
0.000295912
0.000465219
0.000266786
0.000478443
0.000326868
0.00044002
0.00037991
0.000510854
0.000354134
0.000356861
0.000364113
0.00036019
0.000384238
0.000345631
0.000330945
0.000238287
0.000202041
0.000415172
0.000196795
0.000528014
0.000182276
0.000263139
0.000201649
9.41571e-05
0.000457427
0.000183883
0.000481432
0.000309746
0.000301922
0.000270656
0.000466524
0.000168065
0.000462322
0.000132937
0.000572332
0.000316669
0.000614801
0.000831312
0.000570042
0.00128486
0.000928858
0.000529131
0.00046524
0.000438758
0.000288668
0.000511981
0.000627877
0.000377675
0.000768986
0.000182013
0.000429227
0.000191802
0.000204886
0.000334892
3.00333e-05
0.000315232
9.60481e-05
0.000228727
0.000168978
0.000604239
0.000111944
0.000585787
0.000303378
0.00049273
0.000411896
0.000356075
0.000304526
0.000322027
0.000163204
0.000407799
5.06873e-05
0.00041048
0.000140926
0.000520579
0.000118088
0.000333661
0.000287278
0.000149771
0.000475178
0.000177559
0.00053086
0.000198408
0.000367993
0.000231601
0.000200037
7.4688e-05
0.000443485
0.000219159
0.000464803
0.000135364
0.000330228
0.000106192
0.000350248
0.000252366
0.000318522
0.000401606
0.00032042
0.000408655
0.000309546
0.000180596
0.000200622
0.000129756
0.000382665
0.000419455
0.000381717
0.000587874
0.000302079
0.000687651
0.000216178
0.000539431
0.000203745
0.000381305
9.30513e-05
0.000313699
0.000178284
0.000166471
0.000233046
0.000307083
0.000190161
0.000480384
0.0002071
0.000281585
0.000238464
0.000342279
0.000350743
0.000431438
0.000303351
0.000321907
0.000105937
0.000153999
0.000211157
0.000260264
0.000432034
0.000224323
0.000666708
0.000129821
0.000766367
3.41847e-05
0.000545012
7.70423e-05
0.000266067
3.66334e-05
0.000261691
2.03296e-05
0.000212758
0.000138885
0.000225705
0.000315265
0.000274981
0.000389299
0.000247818
0.000418215
0.000149398
0.000392606
0.000246996
0.000193998
0.00011613
0.000192915
0.000134599
0.000248731
0.000123701
0.000288097
0.000332569
0.000341108
0.00039869
0.0003744
0.000257306
0.000220999
0.000142114
0.000125167
0.000172785
0.000192835
0.000226552
0.000198101
0.000111426
0.00033298
0.000154381
0.000301132
0.000393193
9.16873e-05
0.000377155
5.63763e-05
0.000183633
0.000153471
0.000237429
0.000239116
0.00041831
0.000306097
0.000547667
0.000422502
0.000420654
0.000354045
7.2588e-05
0.000144184
0.000479831
0.000309219
0.000584394
0.000402
0.000536604
0.000387403
0.000404758
0.000441709
0.000250544
0.000238713
0.000152888
9.47599e-05
0.000193789
0.000148711
0.000338755
0.000166141
0.000307452
0.000269135
0.00019555
0.000355509
0.000117393
0.000371393
0.000125781
0.000263428
0.000196817
0.000213618
0.000119877
0.000288
0.000149054
0.000342312
0.000186159
0.000398067
0.000199967
0.000187498
0.000234883
0.000117383
0.000345823
0.000239423
0.000304118
0.000283989
6.65737e-05
0.000226988
0.000104069
0.000101787
0.000226978
6.30414e-05
0.000216913
7.4899e-05
0.000218229
0.000124418
0.000249064
0.00033832
0.000105179
0.000242172
0.000419906
0.000177232
0.000368332
0.000108514
0.0002424
0.000177883
0.000215916
0.000125886
0.000165819
4.47005e-05
6.53239e-05
0.000282106
8.90703e-05
0.000377414
0.000236686
8.58831e-05
0.000411345
0.000140345
0.000551658
0.000187877
0.000474759
0.000551538
5.42378e-05
0.000621826
0.000354971
0.000390847
0.00027832
0.000219381
0.000122744
0.000326252
0.000364577
0.000324244
0.000531257
0.000397509
0.000403917
0.000183191
0.000141943
0.000267655
0.000387629
0.000191014
0.000235911
0.000215787
0.0002066
0.00026691
0.000196113
6.49883e-05
8.01166e-05
7.56701e-05
0.000101216
0.000115764
0.000167028
8.8477e-05
4.46685e-05
0.00015032
0.000113598
0.000160172
0.000263595
0.000103116
0.000329828
6.62379e-05
0.000262787
0.000101331
6.21976e-05
0.000191062
0.000273926
0.000188095
0.000341765
6.68673e-05
0.000183758
0.000129685
0.000446156
0.000112663
0.000341743
0.00032586
0.000103404
0.00028817
0.000140678
0.000149301
8.06256e-05
0.000212994
0.000205519
0.000271475
0.000492885
0.000125234
0.000223807
0.000306947
0.000362639
0.000260214
0.000457111
0.000232909
0.000295085
0.000292465
0.000307457
0.000340052
0.000108982
0.00020649
0.000237384
0.000125394
0.000310655
0.000112888
0.000108334
0.000277246
0.000193715
0.000220486
0.000400922
4.58133e-05
0.000345192
0.000214878
0.00029964
0.000259387
0.00034019
0.000248294
0.000150503
0.000342786
0.000228299
0.000445602
0.000344509
0.000312694
0.000375941
0.000336954
0.000470025
0.00062952
0.000439924
0.000357098
0.000169918
6.9303e-05
0.000268811
7.51876e-05
0.000317033
0.000133299
0.000325589
4.7782e-05
0.000273916
0.000113372
0.00025499
0.000120072
0.000149651
0.000259981
3.72003e-05
0.000294043
0.000139338
0.000125717
0.000306943
7.602e-05
0.000223328
0.000205245
0.000187252
0.000342187
0.000116144
0.000333443
0.000155043
0.000272564
0.000265479
0.000152466
0.000161961
0.00053258
9.63178e-05
0.00068994
0.000179208
0.000497713
0.000414197
0.000388457
0.000412581
0.000445999
0.000345869
0.00028495
0.000146039
0.000222742
0.000124531
0.00026477
0.00025543
0.000275002
0.00045037
0.000482518
0.000324002
0.000453858
0.0003499
0.000289415
0.000611112
0.000190365
0.000316734
0.000285522
0.000606846
0.00126545
0.000859923
0.00103888
0.000482062
0.000288833
0.00017023
0.000153472
9.36354e-05
0.000217875
0.000197944
0.000277396
0.000126533
0.000186455
0.00015882
0.000246251
0.000178285
0.000413043
0.000208523
0.000437984
0.000388883
0.000283443
0.000422579
0.000155782
0.000141464
0.000331549
0.000121697
0.000478022
0.000243429
0.000253375
0.000294147
0.000207111
0.000176616
0.000252539
0.000372267
0.000240151
0.000210331
0.000111372
0.000305765
0.000165473
0.000428805
0.000300441
0.000380889
0.000237596
0.000439203
0.000163439
0.000279016
0.000165672
0.00011023
0.000132778
0.000212628
0.000192052
6.38231e-05
0.00038809
0.0002362
0.000386092
0.000244937
0.000269106
0.000360673
0.00027756
0.000331058
0.0001594
0.000191988
2.9e-05
0.000131178
4.16336e-05
0.000187812
0.000161247
0.000299006
0.000534526
0.000374119
0.000568594
0.00015823
0.000467261
0.000182472
0.000349976
0.000405387
0.000221992
0.000363283
0.000112982
0.000140357
0.000168276
5.15644e-05
1.99493e-05
0.000192915
0.000294913
0.000186347
0.000427485
0.000159572
0.000423716
0.00020087
0.000290333
0.00032898
0.000250327
0.000529678
0.000309137
0.00083861
0.000456763
0.000782254
0.000398299
0.000555375
0.000236243
0.000535198
0.000183533
0.000612001
0.000192119
0.000554309
0.000530845
0.000361516
0.000456417
0.000264381
0.000215424
0.000282856
9.54067e-05
0.000330509
7.28527e-05
0.000153285
3.89946e-05
0.000268612
0.000299898
0.000119822
0.000385473
0.000128142
0.000411444
0.000235734
0.000531203
0.000524572
0.000661476
0.000463252
0.000827166
0.000191655
0.000737932
0.000348523
0.000377035
0.00054193
0.000291342
0.000260112
6.33399e-05
0.000143374
0.000133979
0.000193425
0.000281593
0.000141299
9.42393e-05
0.000313173
0.000397731
0.000661365
0.000573846
0.000334816
0.000530058
0.000184867
0.00027417
0.000219797
0.000198877
0.000537066
0.000256014
0.000584239
8.71464e-05
0.000327446
0.000256718
0.000448385
0.000196357
0.000461747
3.12998e-05
0.000427989
0.000184519
0.000301374
0.000542375
0.000572056
0.000658268
5.96623e-05
0.000330367
0.000473686
0.00022274
0.000613021
0.000317618
0.000282627
0.00043774
0.000385584
0.000148643
0.000267555
0.000193701
0.000122823
0.000314154
0.000333147
0.000159718
0.000556058
0.000477198
0.000605667
0.00049672
0.000466922
0.000336348
0.000232003
0.000607776
0.000450994
0.000580724
0.000156058
0.000362882
0.000512878
0.000172087
0.000748947
0.000235792
0.000571703
0.000246256
0.000203049
0.000207847
0.000292428
0.000302784
0.000444308
0.000134864
0.000541506
0.000744535
0.000734183
0.000717641
0.000658549
0.000273584
0.000241977
0.000323926
0.000209802
0.000330543
0.000404498
0.000110032
0.000446078
0.000159361
0.000211662
0.000433233
0.000398476
0.000471497
0.000347498
0.000633601
0.000403045
0.000600034
0.000372406
0.000416662
0.000474362
0.000573636
0.000645873
0.000338806
0.000300649
0.00015617
0.000192611
0.000106612
0.000314705
0.000114211
0.000449246
0.00014175
0.000512056
0.000467951
0.000539851
0.000123196
0.000419625
0.000700139
0.000151481
0.000717809
0.00030341
0.000452865
0.000160649
0.000421151
0.000476116
0.000352382
0.000589599
0.000270675
0.00024022
0.000126707
0.000281073
0.000146376
0.000521889
0.000368914
0.000850975
0.000343026
0.00078616
0.00038162
0.000298333
0.000213456
0.000172362
0.000163748
0.000109871
0.000213156
0.000354935
0.000102719
0.000161533
0.000108364
0.00056342
0.000760835
0.000379192
0.000864129
0.000234192
0.000574777
0.000337467
0.000455965
0.000524345
0.000226537
0.00052911
0.000170274
0.000401538
0.00022837
7.70616e-05
0.0004457
0.000123546
0.0006291
0.000174014
0.000473003
0.000412362
7.73028e-06
0.00068469
0.000309781
0.000621466
0.000662479
0.000450012
0.000428691
0.000361933
0.000141583
0.000481435
0.000286133
0.000510988
0.000469279
0.000588891
0.000358672
0.000376292
0.00030409
0.000247247
0.000600896
0.000618143
0.000792138
0.000859007
0.000670644
0.000802324
0.000675376
0.000428999
0.00051778
0.000247774
0.000286014
0.000368241
0.000628659
0.000643498
0.000886469
0.000609314
0.00066496
0.000716975
0.000455179
0.000896388
0.000521008
0.000878062
0.000424778
0.000801881
0.000231871
0.000659511
0.000305784
0.000493939
0.000571438
0.000649612
0.000849122
0.00056395
0.000822481
0.000387199
